group	OD	NC	PC0	PC2	PC4	PC6	PC8	PC10	OD_Norm	line
L1	0.24	0.132	0.0505	0.213	0.42	0.5795	0.7085	0.8635	0.108	LVP
L1	0.127	0.132	0.0505	0.213	0.42	0.5795	0.7085	0.8635	-0.005	LVP
L1	0.214	0.132	0.0505	0.213	0.42	0.5795	0.7085	0.8635	0.082	LVP
L1	0.349	0.132	0.0505	0.213	0.42	0.5795	0.7085	0.8635	0.217	LVP
L1	0.096	0.132	0.0505	0.213	0.42	0.5795	0.7085	0.8635	-0.036	LVP
L1	0.124	0.132	0.0505	0.213	0.42	0.5795	0.7085	0.8635	-0.008	LVP
L1	0.159	0.132	0.0505	0.213	0.42	0.5795	0.7085	0.8635	0.027	LVP
L1	0.188	0.132	0.0505	0.213	0.42	0.5795	0.7085	0.8635	0.056	LVP
L1	0.121	0.132	0.0505	0.213	0.42	0.5795	0.7085	0.8635	-0.011	LVP
L1	0.163	0.132	0.0505	0.213	0.42	0.5795	0.7085	0.8635	0.031	LVP
L1	0.157	0.132	0.0505	0.213	0.42	0.5795	0.7085	0.8635	0.025	Thai1
L1	0.194	0.132	0.0505	0.213	0.42	0.5795	0.7085	0.8635	0.062	Thai1
L1	0.121	0.132	0.0505	0.213	0.42	0.5795	0.7085	0.8635	-0.011	Thai1
L1	0.184	0.132	0.0505	0.213	0.42	0.5795	0.7085	0.8635	0.052	Thai1
L1	0.131	0.132	0.0505	0.213	0.42	0.5795	0.7085	0.8635	-0.001	Thai1
L1	0.121	0.132	0.0505	0.213	0.42	0.5795	0.7085	0.8635	-0.011	Thai1
L1	0.286	0.132	0.0505	0.213	0.42	0.5795	0.7085	0.8635	0.154	Thai1
L1	0.199	0.132	0.0505	0.213	0.42	0.5795	0.7085	0.8635	0.067	Thai1
L1	0.245	0.132	0.0505	0.213	0.42	0.5795	0.7085	0.8635	0.113	Thai1
L1	0.145	0.132	0.0505	0.213	0.42	0.5795	0.7085	0.8635	0.013	Thai1
L1	0.137	0.132	0.0505	0.213	0.42	0.5795	0.7085	0.8635	0.005	Thai2
L1	0.108	0.132	0.0505	0.213	0.42	0.5795	0.7085	0.8635	-0.024	Thai2
L1	0.189	0.132	0.0505	0.213	0.42	0.5795	0.7085	0.8635	0.057	Thai2
L1	0.087	0.132	0.0505	0.213	0.42	0.5795	0.7085	0.8635	-0.045	Thai2
L1	0.172	0.132	0.0505	0.213	0.42	0.5795	0.7085	0.8635	0.04	Thai2
L1	0.188	0.132	0.0505	0.213	0.42	0.5795	0.7085	0.8635	0.056	Thai2
L1	0.131	0.132	0.0505	0.213	0.42	0.5795	0.7085	0.8635	-0.001	Thai2
L1	0.11	0.132	0.0505	0.213	0.42	0.5795	0.7085	0.8635	-0.022	Thai2
L1	0.239	0.132	0.0505	0.213	0.42	0.5795	0.7085	0.8635	0.107	Thai2
L1	0.185	0.132	0.0505	0.213	0.42	0.5795	0.7085	0.8635	0.053	Thai2
L1	0.147	0.132	0.0505	0.213	0.42	0.5795	0.7085	0.8635	0.015	Juchitan
L1	0.281	0.132	0.0505	0.213	0.42	0.5795	0.7085	0.8635	0.149	Juchitan
L1	0.11	0.132	0.0505	0.213	0.42	0.5795	0.7085	0.8635	-0.022	Juchitan
L1	0.064	0.132	0.0505	0.213	0.42	0.5795	0.7085	0.8635	-0.068	Juchitan
L1	0.075	0.132	0.0505	0.213	0.42	0.5795	0.7085	0.8635	-0.057	Juchitan
L1	0.079	0.132	0.0505	0.213	0.42	0.5795	0.7085	0.8635	-0.053	Juchitan
L1	0.07	0.132	0.0505	0.213	0.42	0.5795	0.7085	0.8635	-0.062	Juchitan
L1	0.119	0.132	0.0505	0.213	0.42	0.5795	0.7085	0.8635	-0.013	Juchitan
L1	0.153	0.132	0.0505	0.213	0.42	0.5795	0.7085	0.8635	0.021	Juchitan
L1	0.117	0.132	0.0505	0.213	0.42	0.5795	0.7085	0.8635	-0.015	Juchitan
L1	0.101	0.132	0.0505	0.213	0.42	0.5795	0.7085	0.8635	-0.031	Galveston
L1	0.271	0.132	0.0505	0.213	0.42	0.5795	0.7085	0.8635	0.139	Galveston
L1	0.083	0.132	0.0505	0.213	0.42	0.5795	0.7085	0.8635	-0.049	Galveston
L1	0.057	0.132	0.0505	0.213	0.42	0.5795	0.7085	0.8635	-0.075	Galveston
L1	0.086	0.132	0.0505	0.213	0.42	0.5795	0.7085	0.8635	-0.046	Galveston
L1	0.1	0.132	0.0505	0.213	0.42	0.5795	0.7085	0.8635	-0.032	Galveston
L1	0.096	0.132	0.0505	0.213	0.42	0.5795	0.7085	0.8635	-0.036	Galveston
L1	0.079	0.132	0.0505	0.213	0.42	0.5795	0.7085	0.8635	-0.053	Galveston
L1	0.143	0.132	0.0505	0.213	0.42	0.5795	0.7085	0.8635	0.011	Galveston
L1	0.154	0.132	0.0505	0.213	0.42	0.5795	0.7085	0.8635	0.022	Galveston
L2_3	0.106	0.06125	0.0605	0.188	0.7365	0.9205	1.025	1.102	0.04475	LVP
L2_3	0.154	0.06125	0.0605	0.188	0.7365	0.9205	1.025	1.102	0.09275	LVP
L2_3	0.25	0.06125	0.0605	0.188	0.7365	0.9205	1.025	1.102	0.18875	LVP
L2_3	0.132	0.06125	0.0605	0.188	0.7365	0.9205	1.025	1.102	0.07075	LVP
L2_3	0.138	0.06125	0.0605	0.188	0.7365	0.9205	1.025	1.102	0.07675	LVP
L2_3	0.127	0.06125	0.0605	0.188	0.7365	0.9205	1.025	1.102	0.06575	LVP
L2_3	0.23	0.06125	0.0605	0.188	0.7365	0.9205	1.025	1.102	0.16875	LVP
L2_3	0.141	0.06125	0.0605	0.188	0.7365	0.9205	1.025	1.102	0.07975	LVP
L2_3	0.186	0.06125	0.0605	0.188	0.7365	0.9205	1.025	1.102	0.12475	LVP
L2_3	0.195	0.06125	0.0605	0.188	0.7365	0.9205	1.025	1.102	0.13375	LVP
L2_3	0.251	0.06125	0.0605	0.188	0.7365	0.9205	1.025	1.102	0.18975	Thai1
L2_3	0.364	0.06125	0.0605	0.188	0.7365	0.9205	1.025	1.102	0.30275	Thai1
L2_3	0.259	0.06125	0.0605	0.188	0.7365	0.9205	1.025	1.102	0.19775	Thai1
L2_3	0.247	0.06125	0.0605	0.188	0.7365	0.9205	1.025	1.102	0.18575	Thai1
L2_3	0.45	0.06125	0.0605	0.188	0.7365	0.9205	1.025	1.102	0.38875	Thai1
L2_3	0.364	0.06125	0.0605	0.188	0.7365	0.9205	1.025	1.102	0.30275	Thai1
L2_3	0.403	0.06125	0.0605	0.188	0.7365	0.9205	1.025	1.102	0.34175	Thai1
L2_3	0.222	0.06125	0.0605	0.188	0.7365	0.9205	1.025	1.102	0.16075	Thai1
L2_3	0.362	0.06125	0.0605	0.188	0.7365	0.9205	1.025	1.102	0.30075	Thai1
L2_3	0.239	0.06125	0.0605	0.188	0.7365	0.9205	1.025	1.102	0.17775	Thai1
L2_3	0.288	0.06125	0.0605	0.188	0.7365	0.9205	1.025	1.102	0.22675	Thai2
L2_3	0.144	0.06125	0.0605	0.188	0.7365	0.9205	1.025	1.102	0.08275	Thai2
L2_3	0.158	0.06125	0.0605	0.188	0.7365	0.9205	1.025	1.102	0.09675	Thai2
L2_3	0.179	0.06125	0.0605	0.188	0.7365	0.9205	1.025	1.102	0.11775	Thai2
L2_3	0.296	0.06125	0.0605	0.188	0.7365	0.9205	1.025	1.102	0.23475	Thai2
L2_3	0.17	0.06125	0.0605	0.188	0.7365	0.9205	1.025	1.102	0.10875	Thai2
L2_3	0.212	0.06125	0.0605	0.188	0.7365	0.9205	1.025	1.102	0.15075	Thai2
L2_3	0.151	0.06125	0.0605	0.188	0.7365	0.9205	1.025	1.102	0.08975	Thai2
L2_3	0.072	0.06125	0.0605	0.188	0.7365	0.9205	1.025	1.102	0.01075	Thai2
L2_3	0.128	0.06125	0.0605	0.188	0.7365	0.9205	1.025	1.102	0.06675	Thai2
L2_3	0.15	0.06125	0.0605	0.188	0.7365	0.9205	1.025	1.102	0.08875	Juchitan
L2_3	0.196	0.06125	0.0605	0.188	0.7365	0.9205	1.025	1.102	0.13475	Juchitan
L2_3	0.116	0.06125	0.0605	0.188	0.7365	0.9205	1.025	1.102	0.05475	Juchitan
L2_3	0.131	0.06125	0.0605	0.188	0.7365	0.9205	1.025	1.102	0.06975	Juchitan
L2_3	0.35	0.06125	0.0605	0.188	0.7365	0.9205	1.025	1.102	0.28875	Juchitan
L2_3	0.131	0.06125	0.0605	0.188	0.7365	0.9205	1.025	1.102	0.06975	Juchitan
L2_3	0.262	0.06125	0.0605	0.188	0.7365	0.9205	1.025	1.102	0.20075	Juchitan
L2_3	0.151	0.06125	0.0605	0.188	0.7365	0.9205	1.025	1.102	0.08975	Juchitan
L2_3	0.569	0.06125	0.0605	0.188	0.7365	0.9205	1.025	1.102	0.50775	Juchitan
L2_3	0.212	0.06125	0.0605	0.188	0.7365	0.9205	1.025	1.102	0.15075	Juchitan
L2_3	0.233	0.06125	0.0605	0.188	0.7365	0.9205	1.025	1.102	0.17175	Galveston
L2_3	0.232	0.06125	0.0605	0.188	0.7365	0.9205	1.025	1.102	0.17075	Galveston
L2_3	0.294	0.06125	0.0605	0.188	0.7365	0.9205	1.025	1.102	0.23275	Galveston
L2_3	0.094	0.06125	0.0605	0.188	0.7365	0.9205	1.025	1.102	0.03275	Galveston
L2_3	0.313	0.06125	0.0605	0.188	0.7365	0.9205	1.025	1.102	0.25175	Galveston
L2_3	0.179	0.06125	0.0605	0.188	0.7365	0.9205	1.025	1.102	0.11775	Galveston
L2_3	0.144	0.06125	0.0605	0.188	0.7365	0.9205	1.025	1.102	0.08275	Galveston
L2_3	0.175	0.06125	0.0605	0.188	0.7365	0.9205	1.025	1.102	0.11375	Galveston
L2_3	0.316	0.06125	0.0605	0.188	0.7365	0.9205	1.025	1.102	0.25475	Galveston
L2_3	0.154	0.06125	0.0605	0.188	0.7365	0.9205	1.025	1.102	0.09275	Galveston
L4	0.374	0.115667	0.0465	0.226	0.6	0.8385	1.0565	1.1865	0.258333	LVP
L4	0.356	0.115667	0.0465	0.226	0.6	0.8385	1.0565	1.1865	0.240333	LVP
L4	0.259	0.115667	0.0465	0.226	0.6	0.8385	1.0565	1.1865	0.143333	LVP
L4	0.197	0.115667	0.0465	0.226	0.6	0.8385	1.0565	1.1865	0.081333	LVP
L4	0.279	0.115667	0.0465	0.226	0.6	0.8385	1.0565	1.1865	0.163333	LVP
L4	0.414	0.115667	0.0465	0.226	0.6	0.8385	1.0565	1.1865	0.298333	LVP
L4	0.389	0.115667	0.0465	0.226	0.6	0.8385	1.0565	1.1865	0.273333	LVP
L4	0.354	0.115667	0.0465	0.226	0.6	0.8385	1.0565	1.1865	0.238333	LVP
L4	0.474	0.115667	0.0465	0.226	0.6	0.8385	1.0565	1.1865	0.358333	LVP
L4	0.444	0.115667	0.0465	0.226	0.6	0.8385	1.0565	1.1865	0.328333	LVP
L4	0.349	0.115667	0.0465	0.226	0.6	0.8385	1.0565	1.1865	0.233333	Thai1
L4	0.247	0.115667	0.0465	0.226	0.6	0.8385	1.0565	1.1865	0.131333	Thai1
L4	0.328	0.115667	0.0465	0.226	0.6	0.8385	1.0565	1.1865	0.212333	Thai1
L4	0.323	0.115667	0.0465	0.226	0.6	0.8385	1.0565	1.1865	0.207333	Thai1
L4	0.41	0.115667	0.0465	0.226	0.6	0.8385	1.0565	1.1865	0.294333	Thai1
L4	0.381	0.115667	0.0465	0.226	0.6	0.8385	1.0565	1.1865	0.265333	Thai1
L4	0.375	0.115667	0.0465	0.226	0.6	0.8385	1.0565	1.1865	0.259333	Thai1
L4	0.209	0.115667	0.0465	0.226	0.6	0.8385	1.0565	1.1865	0.093333	Thai1
L4	0.328	0.115667	0.0465	0.226	0.6	0.8385	1.0565	1.1865	0.212333	Thai1
L4	0.325	0.115667	0.0465	0.226	0.6	0.8385	1.0565	1.1865	0.209333	Thai1
L4	0.242	0.115667	0.0465	0.226	0.6	0.8385	1.0565	1.1865	0.126333	Thai2
L4	0.394	0.115667	0.0465	0.226	0.6	0.8385	1.0565	1.1865	0.278333	Thai2
L4	0.194	0.115667	0.0465	0.226	0.6	0.8385	1.0565	1.1865	0.078333	Thai2
L4	0.317	0.115667	0.0465	0.226	0.6	0.8385	1.0565	1.1865	0.201333	Thai2
L4	0.227	0.115667	0.0465	0.226	0.6	0.8385	1.0565	1.1865	0.111333	Thai2
L4	0.262	0.115667	0.0465	0.226	0.6	0.8385	1.0565	1.1865	0.146333	Thai2
L4	0.432	0.115667	0.0465	0.226	0.6	0.8385	1.0565	1.1865	0.316333	Thai2
L4	0.31	0.115667	0.0465	0.226	0.6	0.8385	1.0565	1.1865	0.194333	Thai2
L4	0.169	0.115667	0.0465	0.226	0.6	0.8385	1.0565	1.1865	0.053333	Thai2
L4	0.275	0.115667	0.0465	0.226	0.6	0.8385	1.0565	1.1865	0.159333	Thai2
L4	0.449	0.115667	0.0465	0.226	0.6	0.8385	1.0565	1.1865	0.333333	Galveston
L4	0.255	0.115667	0.0465	0.226	0.6	0.8385	1.0565	1.1865	0.139333	Galveston
L4	0.516	0.115667	0.0465	0.226	0.6	0.8385	1.0565	1.1865	0.400333	Galveston
L4	0.354	0.115667	0.0465	0.226	0.6	0.8385	1.0565	1.1865	0.238333	Galveston
L4	0.295	0.115667	0.0465	0.226	0.6	0.8385	1.0565	1.1865	0.179333	Galveston
L4	0.496	0.115667	0.0465	0.226	0.6	0.8385	1.0565	1.1865	0.380333	Galveston
L4	0.304	0.115667	0.0465	0.226	0.6	0.8385	1.0565	1.1865	0.188333	Galveston
L4	0.35	0.115667	0.0465	0.226	0.6	0.8385	1.0565	1.1865	0.234333	Galveston
L4	0.303	0.115667	0.0465	0.226	0.6	0.8385	1.0565	1.1865	0.187333	Galveston
L4	0.33	0.115667	0.0465	0.226	0.6	0.8385	1.0565	1.1865	0.214333	Galveston
L4	0.416	0.115667	0.0465	0.226	0.6	0.8385	1.0565	1.1865	0.300333	Juchitan
L4	0.482	0.115667	0.0465	0.226	0.6	0.8385	1.0565	1.1865	0.366333	Juchitan
L4	0.372	0.115667	0.0465	0.226	0.6	0.8385	1.0565	1.1865	0.256333	Juchitan
L4	0.224	0.115667	0.0465	0.226	0.6	0.8385	1.0565	1.1865	0.108333	Juchitan
L4	0.345	0.115667	0.0465	0.226	0.6	0.8385	1.0565	1.1865	0.229333	Juchitan
L4	0.277	0.115667	0.0465	0.226	0.6	0.8385	1.0565	1.1865	0.161333	Juchitan
L4	0.303	0.115667	0.0465	0.226	0.6	0.8385	1.0565	1.1865	0.187333	Juchitan
L4	0.513	0.115667	0.0465	0.226	0.6	0.8385	1.0565	1.1865	0.397333	Juchitan
L4	0.506	0.115667	0.0465	0.226	0.6	0.8385	1.0565	1.1865	0.390333	Juchitan
L4	0.306	0.115667	0.0465	0.226	0.6	0.8385	1.0565	1.1865	0.190333	Juchitan
Pupae	0.157	0.093667	0.0465	0.226	0.6	0.8385	1.0565	1.1865	0.063333	Thai2
Pupae	0.31	0.093667	0.0465	0.226	0.6	0.8385	1.0565	1.1865	0.216333	Thai2
Pupae	0.416	0.093667	0.0465	0.226	0.6	0.8385	1.0565	1.1865	0.322333	Thai2
Pupae	0.174	0.093667	0.0465	0.226	0.6	0.8385	1.0565	1.1865	0.080333	Thai2
Pupae	0.215	0.093667	0.0465	0.226	0.6	0.8385	1.0565	1.1865	0.121333	Thai2
Pupae	0.219	0.093667	0.0465	0.226	0.6	0.8385	1.0565	1.1865	0.125333	Thai2
Pupae	0.076	0.093667	0.0465	0.226	0.6	0.8385	1.0565	1.1865	-0.017667	Thai2
Pupae	0.209	0.093667	0.0465	0.226	0.6	0.8385	1.0565	1.1865	0.115333	Thai2
Pupae	0.242	0.093667	0.0465	0.226	0.6	0.8385	1.0565	1.1865	0.148333	Thai2
Pupae	0.252	0.093667	0.0465	0.226	0.6	0.8385	1.0565	1.1865	0.158333	Thai2
Pupae	0.171	0.093667	0.0465	0.226	0.6	0.8385	1.0565	1.1865	0.077333	Galveston
Pupae	0.194	0.093667	0.0465	0.226	0.6	0.8385	1.0565	1.1865	0.100333	Galveston
Pupae	0.137	0.093667	0.0465	0.226	0.6	0.8385	1.0565	1.1865	0.043333	Galveston
Pupae	0.142	0.093667	0.0465	0.226	0.6	0.8385	1.0565	1.1865	0.048333	Galveston
Pupae	0.303	0.093667	0.0465	0.226	0.6	0.8385	1.0565	1.1865	0.209333	Galveston
Pupae	0.549	0.093667	0.0465	0.226	0.6	0.8385	1.0565	1.1865	0.455333	Galveston
Pupae	0.107	0.093667	0.0465	0.226	0.6	0.8385	1.0565	1.1865	0.013333	Galveston
Pupae	0.16	0.093667	0.0465	0.226	0.6	0.8385	1.0565	1.1865	0.066333	Galveston
Pupae	0.161	0.093667	0.0465	0.226	0.6	0.8385	1.0565	1.1865	0.067333	Galveston
Pupae	0.153	0.093667	0.0465	0.226	0.6	0.8385	1.0565	1.1865	0.059333	Galveston
Pupae	0.323	0.093667	0.0465	0.226	0.6	0.8385	1.0565	1.1865	0.229333	Juchitan
Pupae	0.214	0.093667	0.0465	0.226	0.6	0.8385	1.0565	1.1865	0.120333	Juchitan
Pupae	0.353	0.093667	0.0465	0.226	0.6	0.8385	1.0565	1.1865	0.259333	Juchitan
Pupae	0.278	0.093667	0.0465	0.226	0.6	0.8385	1.0565	1.1865	0.184333	Juchitan
Pupae	0.102	0.093667	0.0465	0.226	0.6	0.8385	1.0565	1.1865	0.008333	Juchitan
Pupae	0.298	0.093667	0.0465	0.226	0.6	0.8385	1.0565	1.1865	0.204333	Juchitan
Pupae	0.223	0.093667	0.0465	0.226	0.6	0.8385	1.0565	1.1865	0.129333	Juchitan
Pupae	0.127	0.093667	0.0465	0.226	0.6	0.8385	1.0565	1.1865	0.033333	Juchitan
Pupae	0.479	0.093667	0.0465	0.226	0.6	0.8385	1.0565	1.1865	0.385333	Juchitan
Pupae	0.219	0.093667	0.0465	0.226	0.6	0.8385	1.0565	1.1865	0.125333	Juchitan
Pupae	0.191	0.093667	0.0465	0.226	0.6	0.8385	1.0565	1.1865	0.097333	LVP
Pupae	0.26	0.093667	0.0465	0.226	0.6	0.8385	1.0565	1.1865	0.166333	LVP
Pupae	0.21	0.093667	0.0465	0.226	0.6	0.8385	1.0565	1.1865	0.116333	LVP
Pupae	0.154	0.093667	0.0465	0.226	0.6	0.8385	1.0565	1.1865	0.060333	LVP
Pupae	0.303	0.093667	0.0465	0.226	0.6	0.8385	1.0565	1.1865	0.209333	LVP
Pupae	0.168	0.093667	0.0465	0.226	0.6	0.8385	1.0565	1.1865	0.074333	LVP
Pupae	0.793	0.093667	0.0465	0.226	0.6	0.8385	1.0565	1.1865	0.699333	LVP
Pupae	0.231	0.093667	0.0465	0.226	0.6	0.8385	1.0565	1.1865	0.137333	LVP
Pupae	0.231	0.093667	0.0465	0.226	0.6	0.8385	1.0565	1.1865	0.137333	LVP
Pupae	0.251	0.093667	0.0465	0.226	0.6	0.8385	1.0565	1.1865	0.157333	LVP
Pupae	0.16	0.093667	0.0465	0.226	0.6	0.8385	1.0565	1.1865	0.066333	Thai1
Pupae	0.122	0.093667	0.0465	0.226	0.6	0.8385	1.0565	1.1865	0.028333	Thai1
Pupae	0.174	0.093667	0.0465	0.226	0.6	0.8385	1.0565	1.1865	0.080333	Thai1
Pupae	0.262	0.093667	0.0465	0.226	0.6	0.8385	1.0565	1.1865	0.168333	Thai1
Pupae	0.123	0.093667	0.0465	0.226	0.6	0.8385	1.0565	1.1865	0.029333	Thai1
Pupae	0.191	0.093667	0.0465	0.226	0.6	0.8385	1.0565	1.1865	0.097333	Thai1
Pupae	0.262	0.093667	0.0465	0.226	0.6	0.8385	1.0565	1.1865	0.168333	Thai1
Pupae	0.195	0.093667	0.0465	0.226	0.6	0.8385	1.0565	1.1865	0.101333	Thai1
Pupae	0.144	0.093667	0.0465	0.226	0.6	0.8385	1.0565	1.1865	0.050333	Thai1
Pupae	0.153	0.093667	0.0465	0.226	0.6	0.8385	1.0565	1.1865	0.059333	Thai1
d1_larval_water	0.066	0.051667	0.085	0.355	0.7805	1.3255	1.738	1.8385	0.014333	LVP
d1_larval_water	0.064	0.051667	0.085	0.355	0.7805	1.3255	1.738	1.8385	0.012333	LVP
d1_larval_water	0.054	0.051667	0.085	0.355	0.7805	1.3255	1.738	1.8385	0.002333	LVP
d1_larval_water	0.051	0.051667	0.085	0.355	0.7805	1.3255	1.738	1.8385	-0.000667	LVP
d1_larval_water	0.052	0.051667	0.085	0.355	0.7805	1.3255	1.738	1.8385	0.000333	LVP
d1_larval_water	0.077	0.051667	0.085	0.355	0.7805	1.3255	1.738	1.8385	0.025333	LVP
d1_larval_water	0.077	0.051667	0.085	0.355	0.7805	1.3255	1.738	1.8385	0.025333	Thai1
d1_larval_water	0.096	0.051667	0.085	0.355	0.7805	1.3255	1.738	1.8385	0.044333	Thai1
d1_larval_water	0.075	0.051667	0.085	0.355	0.7805	1.3255	1.738	1.8385	0.023333	Thai1
d1_larval_water	0.076	0.051667	0.085	0.355	0.7805	1.3255	1.738	1.8385	0.024333	Thai1
d1_larval_water	0.114	0.051667	0.085	0.355	0.7805	1.3255	1.738	1.8385	0.062333	Thai1
d1_larval_water	0.079	0.051667	0.085	0.355	0.7805	1.3255	1.738	1.8385	0.027333	Thai2
d1_larval_water	0.08	0.051667	0.085	0.355	0.7805	1.3255	1.738	1.8385	0.028333	Thai2
d1_larval_water	0.065	0.051667	0.085	0.355	0.7805	1.3255	1.738	1.8385	0.013333	Thai2
d1_larval_water	0.078	0.051667	0.085	0.355	0.7805	1.3255	1.738	1.8385	0.026333	Thai2
d1_larval_water	0.07	0.051667	0.085	0.355	0.7805	1.3255	1.738	1.8385	0.018333	Thai2
d1_larval_water	0.056	0.051667	0.085	0.355	0.7805	1.3255	1.738	1.8385	0.004333	Juchitan
d1_larval_water	0.061	0.051667	0.085	0.355	0.7805	1.3255	1.738	1.8385	0.009333	Juchitan
d1_larval_water	0.049	0.051667	0.085	0.355	0.7805	1.3255	1.738	1.8385	-0.002667	Juchitan
d1_larval_water	0.054	0.051667	0.085	0.355	0.7805	1.3255	1.738	1.8385	0.002333	Juchitan
d1_larval_water	0.129	0.051667	0.085	0.355	0.7805	1.3255	1.738	1.8385	0.077333	Juchitan
d1_larval_water	0.061	0.051667	0.085	0.355	0.7805	1.3255	1.738	1.8385	0.009333	Galveston
d1_larval_water	0.058	0.051667	0.085	0.355	0.7805	1.3255	1.738	1.8385	0.006333	Galveston
d1_larval_water	0.069	0.051667	0.085	0.355	0.7805	1.3255	1.738	1.8385	0.017333	Galveston
d1_larval_water	0.054	0.051667	0.085	0.355	0.7805	1.3255	1.738	1.8385	0.002333	Galveston
d7_larval_water	0.242	0.051667	0.085	0.355	0.7805	1.3255	1.738	1.8385	0.190333	LVP
d7_larval_water	0.233	0.051667	0.085	0.355	0.7805	1.3255	1.738	1.8385	0.181333	LVP
d7_larval_water	0.226	0.051667	0.085	0.355	0.7805	1.3255	1.738	1.8385	0.174333	LVP
d7_larval_water	0.158	0.051667	0.085	0.355	0.7805	1.3255	1.738	1.8385	0.106333	LVP
d7_larval_water	0.229	0.051667	0.085	0.355	0.7805	1.3255	1.738	1.8385	0.177333	LVP
d7_larval_water	0.134	0.051667	0.085	0.355	0.7805	1.3255	1.738	1.8385	0.082333	Thai1
d7_larval_water	0.151	0.051667	0.085	0.355	0.7805	1.3255	1.738	1.8385	0.099333	Thai1
d7_larval_water	0.23	0.051667	0.085	0.355	0.7805	1.3255	1.738	1.8385	0.178333	Thai1
d7_larval_water	0.198	0.051667	0.085	0.355	0.7805	1.3255	1.738	1.8385	0.146333	Thai1
d7_larval_water	0.154	0.051667	0.085	0.355	0.7805	1.3255	1.738	1.8385	0.102333	Thai1
d7_larval_water	0.128	0.051667	0.085	0.355	0.7805	1.3255	1.738	1.8385	0.076333	Thai2
d7_larval_water	0.145	0.051667	0.085	0.355	0.7805	1.3255	1.738	1.8385	0.093333	Thai2
d7_larval_water	0.185	0.051667	0.085	0.355	0.7805	1.3255	1.738	1.8385	0.133333	Thai2
d7_larval_water	0.177	0.051667	0.085	0.355	0.7805	1.3255	1.738	1.8385	0.125333	Thai2
d7_larval_water	0.152	0.051667	0.085	0.355	0.7805	1.3255	1.738	1.8385	0.100333	Thai2
d7_larval_water	0.109	0.051667	0.085	0.355	0.7805	1.3255	1.738	1.8385	0.057333	Juchitan
d7_larval_water	0.162	0.051667	0.085	0.355	0.7805	1.3255	1.738	1.8385	0.110333	Juchitan
d7_larval_water	0.195	0.051667	0.085	0.355	0.7805	1.3255	1.738	1.8385	0.143333	Juchitan
d7_larval_water	0.132	0.051667	0.085	0.355	0.7805	1.3255	1.738	1.8385	0.080333	Juchitan
d7_larval_water	0.267	0.051667	0.085	0.355	0.7805	1.3255	1.738	1.8385	0.215333	Juchitan
d7_larval_water	0.226	0.051667	0.085	0.355	0.7805	1.3255	1.738	1.8385	0.174333	Galveston
d7_larval_water	0.346	0.051667	0.085	0.355	0.7805	1.3255	1.738	1.8385	0.294333	Galveston
d7_larval_water	0.237	0.051667	0.085	0.355	0.7805	1.3255	1.738	1.8385	0.185333	Galveston
d7_larval_water	0.18	0.051667	0.085	0.355	0.7805	1.3255	1.738	1.8385	0.128333	Galveston
d7_larval_water	0.248	0.051667	0.085	0.355	0.7805	1.3255	1.738	1.8385	0.196333	Galveston
fish_food	3.03	0.051667	0.085	0.355	0.7805	1.3255	1.738	1.8385	2.978333	NA
fish_food	2.892	0.051667	0.085	0.355	0.7805	1.3255	1.738	1.8385	2.840333	NA
fish_food	2.627	0.051667	0.085	0.355	0.7805	1.3255	1.738	1.8385	2.575333	NA
fish_food	2.122	0.051667	0.085	0.355	0.7805	1.3255	1.738	1.8385	2.070333	NA
fish_food	2.005	0.051667	0.085	0.355	0.7805	1.3255	1.738	1.8385	1.953333	NA
fish_food	1.945	0.051667	0.085	0.355	0.7805	1.3255	1.738	1.8385	1.893333	NA
fish_food	2.116	0.051667	0.085	0.355	0.7805	1.3255	1.738	1.8385	2.064333	NA
fish_food	2.053	0.051667	0.085	0.355	0.7805	1.3255	1.738	1.8385	2.001333	NA
adult_male	0.205	0.182333	0.047	0.501	0.982	1.3915	1.601	1.8325	0.022667	LVP
adult_male	0.242	0.182333	0.047	0.501	0.982	1.3915	1.601	1.8325	0.059667	LVP
adult_male	0.329	0.182333	0.047	0.501	0.982	1.3915	1.601	1.8325	0.146667	LVP
adult_male	0.291	0.182333	0.047	0.501	0.982	1.3915	1.601	1.8325	0.108667	LVP
adult_male	0.256	0.182333	0.047	0.501	0.982	1.3915	1.601	1.8325	0.073667	LVP
adult_male	0.22	0.182333	0.047	0.501	0.982	1.3915	1.601	1.8325	0.037667	LVP
adult_male	0.266	0.182333	0.047	0.501	0.982	1.3915	1.601	1.8325	0.083667	LVP
adult_male	0.132	0.182333	0.047	0.501	0.982	1.3915	1.601	1.8325	-0.050333	LVP
adult_male	0.288	0.182333	0.047	0.501	0.982	1.3915	1.601	1.8325	0.105667	LVP
adult_male	0.2	0.182333	0.047	0.501	0.982	1.3915	1.601	1.8325	0.017667	LVP
adult_male	0.21	0.182333	0.047	0.501	0.982	1.3915	1.601	1.8325	0.027667	Thai1
adult_male	0.538	0.182333	0.047	0.501	0.982	1.3915	1.601	1.8325	0.355667	Thai1
adult_male	0.279	0.182333	0.047	0.501	0.982	1.3915	1.601	1.8325	0.096667	Thai1
adult_male	0.389	0.182333	0.047	0.501	0.982	1.3915	1.601	1.8325	0.206667	Thai1
adult_male	0.229	0.182333	0.047	0.501	0.982	1.3915	1.601	1.8325	0.046667	Thai1
adult_male	0.275	0.182333	0.047	0.501	0.982	1.3915	1.601	1.8325	0.092667	Thai1
adult_male	0.357	0.182333	0.047	0.501	0.982	1.3915	1.601	1.8325	0.174667	Thai1
adult_male	0.274	0.182333	0.047	0.501	0.982	1.3915	1.601	1.8325	0.091667	Thai1
adult_male	0.173	0.182333	0.047	0.501	0.982	1.3915	1.601	1.8325	-0.009333	Thai1
adult_male	0.222	0.182333	0.047	0.501	0.982	1.3915	1.601	1.8325	0.039667	Thai1
adult_male	0.136	0.182333	0.047	0.501	0.982	1.3915	1.601	1.8325	-0.046333	Thai2
adult_male	0.299	0.182333	0.047	0.501	0.982	1.3915	1.601	1.8325	0.116667	Thai2
adult_male	0.243	0.182333	0.047	0.501	0.982	1.3915	1.601	1.8325	0.060667	Thai2
adult_male	0.289	0.182333	0.047	0.501	0.982	1.3915	1.601	1.8325	0.106667	Thai2
adult_male	0.172	0.182333	0.047	0.501	0.982	1.3915	1.601	1.8325	-0.010333	Thai2
adult_male	0.333	0.182333	0.047	0.501	0.982	1.3915	1.601	1.8325	0.150667	Thai2
adult_male	0.288	0.182333	0.047	0.501	0.982	1.3915	1.601	1.8325	0.105667	Thai2
adult_male	0.125	0.182333	0.047	0.501	0.982	1.3915	1.601	1.8325	-0.057333	Thai2
adult_male	0.225	0.182333	0.047	0.501	0.982	1.3915	1.601	1.8325	0.042667	Thai2
adult_male	0.245	0.182333	0.047	0.501	0.982	1.3915	1.601	1.8325	0.062667	Thai2
adult_male	0.226	0.182333	0.047	0.501	0.982	1.3915	1.601	1.8325	0.043667	Galveston
adult_male	0.223	0.182333	0.047	0.501	0.982	1.3915	1.601	1.8325	0.040667	Galveston
adult_male	0.204	0.182333	0.047	0.501	0.982	1.3915	1.601	1.8325	0.021667	Galveston
adult_male	0.239	0.182333	0.047	0.501	0.982	1.3915	1.601	1.8325	0.056667	Galveston
adult_male	0.234	0.182333	0.047	0.501	0.982	1.3915	1.601	1.8325	0.051667	Galveston
adult_male	0.207	0.182333	0.047	0.501	0.982	1.3915	1.601	1.8325	0.024667	Galveston
adult_male	0.53	0.182333	0.047	0.501	0.982	1.3915	1.601	1.8325	0.347667	Galveston
adult_male	0.308	0.182333	0.047	0.501	0.982	1.3915	1.601	1.8325	0.125667	Galveston
adult_male	0.222	0.182333	0.047	0.501	0.982	1.3915	1.601	1.8325	0.039667	Galveston
adult_male	0.283	0.182333	0.047	0.501	0.982	1.3915	1.601	1.8325	0.100667	Galveston
adult_male	0.222	0.182333	0.047	0.501	0.982	1.3915	1.601	1.8325	0.039667	Juchitan
adult_male	0.219	0.182333	0.047	0.501	0.982	1.3915	1.601	1.8325	0.036667	Juchitan
adult_male	0.233	0.182333	0.047	0.501	0.982	1.3915	1.601	1.8325	0.050667	Juchitan
adult_male	0.246	0.182333	0.047	0.501	0.982	1.3915	1.601	1.8325	0.063667	Juchitan
adult_male	0.282	0.182333	0.047	0.501	0.982	1.3915	1.601	1.8325	0.099667	Juchitan
adult_male	0.147	0.182333	0.047	0.501	0.982	1.3915	1.601	1.8325	-0.035333	Juchitan
adult_male	0.206	0.182333	0.047	0.501	0.982	1.3915	1.601	1.8325	0.023667	Juchitan
adult_male	0.26	0.182333	0.047	0.501	0.982	1.3915	1.601	1.8325	0.077667	Juchitan
adult_male	0.198	0.182333	0.047	0.501	0.982	1.3915	1.601	1.8325	0.015667	Juchitan
adult_male	0.167	0.182333	0.047	0.501	0.982	1.3915	1.601	1.8325	-0.015333	Juchitan
adult_female	0.322	0.182333	0.047	0.501	0.982	1.3915	1.601	1.8325	0.139667	LVP
adult_female	0.339	0.182333	0.047	0.501	0.982	1.3915	1.601	1.8325	0.156667	LVP
adult_female	0.201	0.182333	0.047	0.501	0.982	1.3915	1.601	1.8325	0.018667	LVP
adult_female	0.31	0.182333	0.047	0.501	0.982	1.3915	1.601	1.8325	0.127667	LVP
adult_female	0.221	0.182333	0.047	0.501	0.982	1.3915	1.601	1.8325	0.038667	LVP
adult_female	0.278	0.182333	0.047	0.501	0.982	1.3915	1.601	1.8325	0.095667	LVP
adult_female	0.231	0.182333	0.047	0.501	0.982	1.3915	1.601	1.8325	0.048667	LVP
adult_female	0.471	0.182333	0.047	0.501	0.982	1.3915	1.601	1.8325	0.288667	LVP
adult_female	0.501	0.182333	0.047	0.501	0.982	1.3915	1.601	1.8325	0.318667	LVP
adult_female	0.264	0.182333	0.047	0.501	0.982	1.3915	1.601	1.8325	0.081667	LVP
adult_female	0.563	0.182333	0.047	0.501	0.982	1.3915	1.601	1.8325	0.380667	Thai1
adult_female	0.354	0.182333	0.047	0.501	0.982	1.3915	1.601	1.8325	0.171667	Thai1
adult_female	0.277	0.182333	0.047	0.501	0.982	1.3915	1.601	1.8325	0.094667	Thai1
adult_female	0.392	0.182333	0.047	0.501	0.982	1.3915	1.601	1.8325	0.209667	Thai1
adult_female	0.386	0.182333	0.047	0.501	0.982	1.3915	1.601	1.8325	0.203667	Thai1
adult_female	0.375	0.182333	0.047	0.501	0.982	1.3915	1.601	1.8325	0.192667	Thai1
adult_female	0.382	0.182333	0.047	0.501	0.982	1.3915	1.601	1.8325	0.199667	Thai1
adult_female	0.46	0.182333	0.047	0.501	0.982	1.3915	1.601	1.8325	0.277667	Thai1
adult_female	0.532	0.182333	0.047	0.501	0.982	1.3915	1.601	1.8325	0.349667	Thai1
adult_female	0.321	0.182333	0.047	0.501	0.982	1.3915	1.601	1.8325	0.138667	Thai1
adult_female	0.302	0.182333	0.047	0.501	0.982	1.3915	1.601	1.8325	0.119667	Thai2
adult_female	0.348	0.182333	0.047	0.501	0.982	1.3915	1.601	1.8325	0.165667	Thai2
adult_female	0.257	0.182333	0.047	0.501	0.982	1.3915	1.601	1.8325	0.074667	Thai2
adult_female	0.331	0.182333	0.047	0.501	0.982	1.3915	1.601	1.8325	0.148667	Thai2
adult_female	0.213	0.182333	0.047	0.501	0.982	1.3915	1.601	1.8325	0.030667	Thai2
adult_female	0.348	0.182333	0.047	0.501	0.982	1.3915	1.601	1.8325	0.165667	Thai2
adult_female	0.292	0.182333	0.047	0.501	0.982	1.3915	1.601	1.8325	0.109667	Thai2
adult_female	0.239	0.182333	0.047	0.501	0.982	1.3915	1.601	1.8325	0.056667	Thai2
adult_female	0.476	0.182333	0.047	0.501	0.982	1.3915	1.601	1.8325	0.293667	Thai2
adult_female	0.132	0.182333	0.047	0.501	0.982	1.3915	1.601	1.8325	-0.050333	Thai2
adult_female	0.313	0.182333	0.047	0.501	0.982	1.3915	1.601	1.8325	0.130667	Galveston
adult_female	0.34	0.182333	0.047	0.501	0.982	1.3915	1.601	1.8325	0.157667	Galveston
adult_female	0.278	0.182333	0.047	0.501	0.982	1.3915	1.601	1.8325	0.095667	Galveston
adult_female	0.277	0.182333	0.047	0.501	0.982	1.3915	1.601	1.8325	0.094667	Galveston
adult_female	0.273	0.182333	0.047	0.501	0.982	1.3915	1.601	1.8325	0.090667	Galveston
adult_female	0.486	0.182333	0.047	0.501	0.982	1.3915	1.601	1.8325	0.303667	Galveston
adult_female	0.276	0.182333	0.047	0.501	0.982	1.3915	1.601	1.8325	0.093667	Galveston
adult_female	0.263	0.182333	0.047	0.501	0.982	1.3915	1.601	1.8325	0.080667	Galveston
adult_female	0.314	0.182333	0.047	0.501	0.982	1.3915	1.601	1.8325	0.131667	Galveston
adult_female	0.316	0.182333	0.047	0.501	0.982	1.3915	1.601	1.8325	0.133667	Galveston
adult_female	0.358	0.182333	0.047	0.501	0.982	1.3915	1.601	1.8325	0.175667	Juchitan
adult_female	0.475	0.182333	0.047	0.501	0.982	1.3915	1.601	1.8325	0.292667	Juchitan
adult_female	0.332	0.182333	0.047	0.501	0.982	1.3915	1.601	1.8325	0.149667	Juchitan
adult_female	0.278	0.182333	0.047	0.501	0.982	1.3915	1.601	1.8325	0.095667	Juchitan
adult_female	0.452	0.182333	0.047	0.501	0.982	1.3915	1.601	1.8325	0.269667	Juchitan
adult_female	0.225	0.182333	0.047	0.501	0.982	1.3915	1.601	1.8325	0.042667	Juchitan
adult_female	0.203	0.182333	0.047	0.501	0.982	1.3915	1.601	1.8325	0.020667	Juchitan
adult_female	0.46	0.182333	0.047	0.501	0.982	1.3915	1.601	1.8325	0.277667	Juchitan
adult_female	0.282	0.182333	0.047	0.501	0.982	1.3915	1.601	1.8325	0.099667	Juchitan
adult_female	0.384	0.182333	0.047	0.501	0.982	1.3915	1.601	1.8325	0.201667	Juchitan
adult_female_bf	0.347	0.114333	0.0495	0.2725	1.107	1.59	1.217	1.7085	0.232667	LVP
adult_female_bf	0.539	0.114333	0.0495	0.2725	1.107	1.59	1.217	1.7085	0.424667	LVP
adult_female_bf	0.407	0.114333	0.0495	0.2725	1.107	1.59	1.217	1.7085	0.292667	LVP
adult_female_bf	0.289	0.114333	0.0495	0.2725	1.107	1.59	1.217	1.7085	0.174667	LVP
adult_female_bf	0.506	0.114333	0.0495	0.2725	1.107	1.59	1.217	1.7085	0.391667	LVP
adult_female_bf	0.578	0.114333	0.0495	0.2725	1.107	1.59	1.217	1.7085	0.463667	LVP
adult_female_bf	0.492	0.114333	0.0495	0.2725	1.107	1.59	1.217	1.7085	0.377667	LVP
adult_female_bf	0.605	0.114333	0.0495	0.2725	1.107	1.59	1.217	1.7085	0.490667	LVP
adult_female_bf	0.614	0.114333	0.0495	0.2725	1.107	1.59	1.217	1.7085	0.499667	LVP
adult_female_bf	0.453	0.114333	0.0495	0.2725	1.107	1.59	1.217	1.7085	0.338667	LVP
adult_female_bf	0.596	0.114333	0.0495	0.2725	1.107	1.59	1.217	1.7085	0.481667	Thai2
adult_female_bf	0.633	0.114333	0.0495	0.2725	1.107	1.59	1.217	1.7085	0.518667	Thai2
adult_female_bf	0.65	0.114333	0.0495	0.2725	1.107	1.59	1.217	1.7085	0.535667	Thai2
adult_female_bf	0.42	0.114333	0.0495	0.2725	1.107	1.59	1.217	1.7085	0.305667	Thai2
adult_female_bf	0.406	0.114333	0.0495	0.2725	1.107	1.59	1.217	1.7085	0.291667	Thai2
adult_female_bf	0.325	0.114333	0.0495	0.2725	1.107	1.59	1.217	1.7085	0.210667	Thai2
adult_female_bf	0.432	0.114333	0.0495	0.2725	1.107	1.59	1.217	1.7085	0.317667	Thai2
adult_female_bf	0.452	0.114333	0.0495	0.2725	1.107	1.59	1.217	1.7085	0.337667	Thai2
adult_female_bf	0.517	0.114333	0.0495	0.2725	1.107	1.59	1.217	1.7085	0.402667	Thai2
adult_female_bf	0.65	0.114333	0.0495	0.2725	1.107	1.59	1.217	1.7085	0.535667	Thai2